04607116942581
05995327237183
04602509026268
04680020186654
04680020187453
04607027764333
04607027766610
04604060991702
04602565016357
18901043006877
04602565031268
04630008132180
04602212009664
04607027766276
04810201008615
03582910020417
04610012021069
04603905006151
04607085481340
05413760232102
05413787104512
04607020330795
03582910020400
04601808011104
04650099784891
04601582000059
04607098452207
03701217200623
04607002420124
08600097301541
04602565030780
04607116942604
04670004410486
04605095007444
04030571000020
04601907002164
09005441075014
04603182002648
04607116945933
04602824000301
04607028391514
04008500017944
08906055583494
04607027766221
04610011971693
04601907001488
04607013581401
04603276005159
09006968012537
04606257000211
04607024944691
04607027764272
04607019011469
04603179003450
04602824019815
04607072020170
04601669001917
04680006527884
04602779005932
04630015110645
04606486005223
04690655006319
04603569720509
04670028229057
04606486023364
04660007931149
04602789001696
04650075360538
03800010612708
04670012462231
04605964003423
04603679008153
04850001740025
07290106064331
04603671003552
04603671003422
04680020233037
04810201011592
04606486027249
04607116945919
04034541003196
04601808010930
04670012610595
04640017591502
04607027767716
04607019011124
04059821229516
04602210002254
04680006525644
04602210002278
04602565031077
03800010643788
08901086131294
04607024946718
04602509018201
04602565007942
04602424005751
05944728001220
05000456032100
05000456032094
04680010562482
04607007360401
04607035390364
04670005390626
04810201015033
04602103003252
04605095005815
04602884000143
04650099781364
04600488003423
07290011225322
04627074930833
04627074930819
04627074930857
04605286000704
04603988018287
04603182005687
04605404003426
04650099784693
04607013581319
04607037190696
04600488003416
04605021001690
04605021001652
04600488003393
04605021001645
04607020334007
04670028223093
04607037191389
04602546011296
04607027765279
04630016120292
04630098003407
04605781000193
04610011972102
04602424007588
04605453010956
14605453002057
04601429004936
04690655022050
03574661098135
04680020182892
04607027762612
04607027767273
04620017960218
04620008621821
04630030160397
08594737200915
04607004432330
04630030160380
04620008621777
04602824005962
04601669012487
04605180006079
04607027768829
04810046004155
04603671003613
04602210003411
04620011583734
04680034160381
04650099782477
05944728001510
04810201018072
04605095007864
04602824017439
04602521007054
04607131045410
08901086040770
04605903002821
08020030026315
04605903003682
04680020180782
04607146761060
08033695730411
04607005935502
04602884017141
04602884000754
04602212000067
04601808013191
04610011971723
04607005935496
04607159862730
04602521008075
04680013242459
04602565022891
04603905011148
04043589001880
05995327138008
04039581002031
05450557010291
06432100050168
04605095009615
01210001155213
04607027764722
04607085480923
04605095005914
04602521014830
04607020330726
04660007812868
04660007810291
04601669010544
04603933005935
04054839472589
04680020185152
05702191014365
04603988010588
04690655021275
04603933007564
04680020233051
04022536876818
04054839029271
04607116944868
08906055584125
04059821419627
04605453001619
04680020230999
04605077016631
03582910074304
04810201015040
04030096245104
04603179004440
04670008162480
04680020232511
04810201000374
04250369505135
04602884014799
04630016120179
04602509009797
04601669010339
05413787104574
04680020230982
05450557011533
04607003248505
05995327275147
05712249117672
04607005934086
08904091101719
08595026402331
04605964004185
04605964003362
18904012432790
04601907003567
14605453002002
04607116940013
04810133005317
04602824024987
04602424003030
04602424005317
04601429001881
04605635003196
06419716601694
04650069651437
04607007361330
04607027767792
04627074930796
04627074931014
04603779017543
04607005933829
00000046100146
04630098000512
04630008131770
05413760199948
04690655021305
04690655024566
04680013247720
04605404000074
04630157810168
04047642014312
04605964003942
04030855038053
04008500017555
04605077008483
04607003668310
04057601000621
04057601000614
04606603000018
04603905013197
04640017590543
04605095006232
04602509022345
04008500018217
04607116947432
04607116945551
05702589308960
04607116940020
04607116944967
04607116945896
04607116944882
04680010561263
04607028390913
06432100003867
04601669000590
04606207000025
04680020183462
04605095000650
04605964007681
04602453002745
04680020182953
04607027761387
04607027764401
04607027766030
04607027760052
04607027766283
04607027767228
04680020184063
04607027769680
04630015110218
04604060005232
04680013249410
05944728000186
04650069651512
04607011635274
04810133002538
04680020180898
04650069651390
04607024944318
04601026307461
04607024942345
05944728004405
03800010643412
04605894001063
04650094092021
04680020184452
04680020182984
04607028394485
04605404000098
04607027768430
04605894001261
04605894001094
04650062750199
04601669007483
04650062750083
05997001391518
04680010562505
08594739224889
04601669004208
04605964006097
04602565020392
04603671002258
04603761000058
04607028395659
03838957014408
04850001740063
04605964007711
04605964004307
04602565029142
04607027763251
04602424008660
04680013246297
04601669002464
04602565011338
04607116941133
05944728003675
04603779013033
04607007361248
04603779015228
04680020181116
04605404000876
04810133004136
04603276009843
04610017700723
04605095005976
04605095007949
04605095006225
04680013246839
04810133008882
04650099781081
04605964007698
04603779016775
04607003664152
04607007170239
04603149000380
04601808012132
04607027767730
03838957090570
05904374005898
04602676007626
04606486025306
04603191000123
04601808000047
04812608002234
04602565022402
04607028397325
04607116948033
04605095007925
04605095009707
04606486025276
04670028228302
04670028228326
05995327188256
04620018741960
04601808010541
04620017860525
04810133005669
04670008162619
04607011634628
04602565008895
04605894001711
04680020180676
04607007360913
04606354000350
04630015110171
04810201017099
04810201002651
04810201018355
04810201017976
04607027762193
04607027762292
04607027766436
04680013240189
04670028223147
04601669013910
18901236003409
04630085992530
04602824018795
04602824000066
04602824023614
04602824001285
05997001391464
04601669009562
04601669001269
04680020232603
04603779015686
04606486009887
04605894001025
04605310011256
04601669006646
04601808007510
04607022750478
04605894007744
05997001393253
04605404000715
04680010562499
04680010560174
04680010561058
04650099781043
04620018740994
04607037191341
04680010561621
04602521010481
04607027763237
04607007170260
04607007170246
04607007170253
04607027768072
04605469004086
04602424005294
04250369502219
04607116944981
04607027760540
05900004073152
04603191001045
04680010562475
04603191000888
04604060008981
04030855511228
04602509019420
04602676007381
04601669010452
04680020185169
04603933005881
04810201008677
04810133001180
04601808012750
04810201016948
04810133006109
04680010561256
04602824002664
04602243001507
04047642018112
04605949001529
04620008623863
04811098002311
04680013244569
04601669009791
05997001327005
03850114230902
04603761000102
04605095008199
04680034160527
04670007590147
04650069870104
04650081980355
04607027767556
08906000572177
04605095011212
04627074930710
04602509014586
04603149000441
04605095000803
04607027762650
04607027767235
04603191001724
04680013240028
04640018640476
04870208030088
04870208030071
04870208030095
04870208030101
04870208030156
04670008160622
04605310010525
04607027761837
05450557011540
09120039160887
04680020183493
04605391002181
04670004410608
04607146760315
04607146760322
08901127015460
04601669003904
04604060995236
04607116944684
04607116940181
04607008360011
06921665004063
04607027762179
04870208030033
04605404002047
04602565031800
04602521003964
04602565031275
04680020232498
04603695005549
04680020181000
04680020180119
04605095011243
04605095002586
04670007590611
04605095005310
04680020183035
04603569720448
04602565030995
04601669003799
04607007360272
04607007360845
04605095007895
04606486032588
04605391003720
04601026154720
04640107660019
04680020182946
04607019010264
08002660019400
04602689000638
04603679007309
04607027769109
04680020186340
04680020231644
09001505001821
04810201018584
04602193011830
04810201015835
04602193011847
05450557010284
04607027768959
04602193012196
04607020333758
04607116941140
04640005760552
04607143560604
03838957393497
04031083002779
04605095009769
04607027762438
03838957075867
04605635003240
04605391002136
04605095009684
05995327274089
04606486029908
04606486036616
04601669000378
08024861000018
05310001203825
04607159862693
04602676008937
04607027766726
04601907002911
04602884016090
08901114319601
08906055581346
08908000095106
04603191000840
04607022750331
05904374000138
04630015110249
04605286000711
03800010629393
04037353005051
04037353005068
08715554001411
04606486035039
04680010561041
04602809006328
03838989625634
04607020332201
04620011582652
04602103000923
04605095010284
04605095011106
04605095000452
04601669006745
04602884010357
09006968003214
09006968003139
04601669004314
04640005760484
04670007590291
04605095011298
04810201002262
04607008133318
04605391003751
04601808008470
04670028224618
04601969001082
04602824023751
04620008623955
04602565017842
08901783012780
04660007813322
04680013242626
04605095009677
03664798021882
04602193012837
04607008133363
04602424005324
04810133006406
04810133002255
04605095004986
08901086091352
04605095005297
04810201002392
04602565011819
18901148200521
05997001394977
03800021110521
04810201017983
04810133002262
04603988017020
04607098451668
04601669002600
09006968004006
03850114203562
04810201003597
04810201001289
03664798005769
04603182001696
04008500130414
03838957017386
04607035391972
04605391001047
04650099781135
04602565018580
04605964004055
04602509020792
04607098451675
04606486037156
04670007590130
04605095011120
04602242010517
04605095006393
04670007590307
04605095005525
04605095008335
04602824020606
04680013243371
04680013246747
04680013246723
04680013245474
04680013249175
04680013249335
08020030026711
04059821750263
04602509010045
04810201017204
04810133009261
04607022750515
04601669003775
04650094091871
04810133000510
04810133000527
04601669009586
03850114230537
04602521005548
04057601000607
04057601000577
04607027768447
04607027764517
04602676005615
04030096254618
04606486032410
04640107660026
05023497781912
04602521008754
08901079005397
04680020184025
04607027766313
04607143560222
04604060004143
04607047720265
04602676004878
04630098000697
04600488005342
04603988012360
04607055138380
04610017700846
03858881054691
04607019011117
06432100022349
04602212007653
04603905003433
04602884001454
07612449114700
04606486023173
04605095010833
04605095010741
04605469000934
04607024944820
04690655015557
05000456009003
04607020332775
04030855001385
04640018640957
04604060003399
04602676007350
04603149000229
04650099781173
04650099781234
04650099781296
04605095009622
04605095009585
04605095010772
04680013248284
04680013242251
04680013242237
04680013242244
04680013242534
04680013249755
04680013246457
04680013242442
04680013248222
04680013248208
04680013246938
04670028227992
04670028226476
04670028226537
04602824016449
04602824000356
04602824016555
04601687000015
03838989500542
04603695005495
04601969003581
04603779007544
04603779006677
05310001203832
09120039160870
04650081980348
04607027768935
04680020183660
04603695005372
04603191001748
04603619000025
04607027769840
04607159860422
04607027767471
04670028228760
05712249108557
04607069221603
04607069222662
04670004410301
04601808010428
04607024942819
04602212001163
04627074931021
04627074931038
04604060251073
04607027767563
04690655014666
04690655021329
04604060002484
03850114225878
00000046002785
04607027769642
04602156000024
04602424000053
04607027769635
04601808012675
03582910039570
04602565021351
04810133003801
04607069220385
04601669012258
03838957872305
08901086131065
04607159863102
04810133004600
03850343086127
04601808006445
04607027769864
04670008161414
05995327205137
04602676008067
04030855492497
04606486026341
04013054003329
04602884014096
04605310020395
04607004430473
03701398101207
05413760214016
04605077014910
04607027767723
04602546010787
04605095006461
04607027760182
04607027760694
04680020184261
04680020180232
04630015110652
04607027768263
04607027762643
04607027761424
04680020185695
04607027768355
04607027767204
04607027762568
04607027764388
04607003390648
04810201018744
04810201014272
04605095011687
04630015110164
04602824006143
04601669006622
04604060002446
04604060002415
04670007590185
04670007590628
04810201015293
04029668001217
04607116940044
04607116941126
04607019011605
04607022750508
04607146760414
04607027768348
04602210000038
04602884015727
04602884003090
04602884013631
04602884011729
04602676007701
07613421038564
04620017863717
04602453000253
04602453002769
04602676009606
04601669006875
04607146760131
04605404000081
04601808005035
04607116948125
04627074930017
07640114721670
04602824000103
09006968011943
04602884010326
05995327218199
04602676003390
04605310010549
04607094500926
04605310015858
04602156000062
04602156000321
04605180005867
04030539022903
05944728004047
05944728004030
04602156000123
04605964002761
04680020183189
04602565017170
04603671001442
04607131044444
04607131045229
04603276010290
04029438020103
04603191001779
04607159860514
04870208030477
04602689000850
04607020330757
04605310022825
04607027764586
04607020333796
05310001203818
04602565029524
04602884017394
04601026301551
05995327253237
04620018741663
04602509006420
04680020186173
08906055581087
04601969005585
04601969005592
04601969004441
04601969003604
04601969005493
04602957000902
04030685404189
04680020181970
04680020181987
04602242010043
04602212001101
04810201002934
04607085480206
04607085480466
04810201006314
04670008163548
04607027761356
04607027764609
04607027764616
04607027761363
04605404001347
04605404001132
04605903007932
04607047720555
04607047720456
09002260019267
06938588800405
04602565000097
04605894001452
04602884015154
04670008163593
04602521009348
04602884003243
08906072523183
04660007812226
04601808005011
04601969007596
04607020332492
04601026006845
04602689001185
04607003669140
04810201015798
04607037190986
04607037190603
04607037191228
04602424007632
04607007360128
04607007360357
04607007360050
04607037191419
04602824006495
04602824000370
04602824006105
04605964004956
04630011650015
04680020181192
04620017862963
04670008160424
04607003664589
05997001352311
04602521006644
04605894003906
03838957075874
04029799125554
08020030026513
05000456022446
05000456022439
04620011583611
04605286000728
04605286000698
04606486017479
04680020182786
04604060996578
04670012610182
04606603000186
04605077011629
04602072021578
04660007701919
04670028229224
04670028223826
04607013581326
04603988016429
04602884016151
04602521008976
09003638023862
04029668001286
04602521010924
04605526008118
04607009584003
04601669009302
04601026001017
04607020332676
04601026301759
04601669008138
04601669009234
04601669004598
04601669004604
04601669004581
04601669009227
04601669008053
08711141828553
04607159860354
04605894003821
04605894004408
04680013246273
04680020185503
04605180006055
04601808005073
04602884016175
04607019010165
04602884006732
55413760251443
04602565023034
04630015110324
04820044111113
04605554000290
04620011583291
04810201003252
04607027766429
04607027766467
04607027766450
04820026340753
09006968003115
04602676003543
04670008163722
04607146761152
04680020181628
04603182001221
04606486025283
04606486025290
04810133008417
04810133007557
04680020180317
04600053020381
04630015110270
04601969007237
04030855511198
04030855000104
04030855000128
08901278000094
05903060004658
07613421039219
04602521012089
04604060003931
08901083020164
08901083020140
03664798035391
08901083020133
04610004580949
04610004580956
04601669008350
04603905002757
04603679001024
05413760229812
04607007360029
04013054008669
09006968003160
04607027762896
04607027762889
04602565030988
04810201003344
08002660026293
04603779015761
04605894003999
04603779013057
18901302166496
04690655018268
04630015110195
04602565011444
04603191000895
03838957872299
04602824008581
04603988013503
04620008623641
04620008622002
04670008162466
04810133007441
04607013581142
08858573001014
08858573001021
04680013244521
04605095005600
04605095005617
04606486005230
04602809006878
04601764002376
04605095005303
04605095000926
08901083060122
04607007360999
05900004073121
04605964005366
04607007361255
04603988009452
04606486024538
04606367000705
04603619000636
04607027760670
04690655021381
04607037190993
04603933005294
04607027763213
04601669014375
08901086200334
04607027763190
04605903000124
04620008624471
04810201009995
04620008624440
04607100621775
04607100621799
04603276006477
04602824016012
04602824015978
04603695000568
04603695000575
04607003243944
04607027764784
04603179000145
04603179004327
04606486026785
04650099780534
04850001740070
04607027769437
05997001381632
04605077011971
05413760229232
04670008160226
04605964007667
04603905005673
04810133006390
04650099780435
04607027765255
04680020181178
04650099780053
04603905002696
04650069870111
04607027767600
04620008624198
06432100003768
03850343042482
04810201002842
04680020232610
04601808004588
04603179003597
04603179003825
04603179004235
04603179003177
04810201002590
04607027767488
04607027765095
04640018640919
04607027763121
03800021100591
05023497782216
05023497782117
05023497782018
04630008130223
04630008130230
04812608007857
04750232007440
04650099780015
04630085992219
04750232007426
04650069830467
05413787104383
04602509021935
04603905000357
04620008623993
04603905000371
04603905003327
04607027768560
04603905002436
04602824001629
04604060002507
04601669002495
04601669001092
04603179003566
04603679007811
04607027765637
04607027764364
04605310013168
04670005390688
04607037191112
04607037191174
04607027762629
04607098450098
04607011634437
04603276003391
04607027761264
04607027766238
04605095008175
04605077008506
04605077011964
04022536645971
04607098451248
04607098451453
04603380000590
04605370000184
18904102204610
04813331001594
05900004074371
04601026302862
04605370000825
04601907001143
04605310023488
04604060002491
04602565012069
04680020181123
04602509001166
05997001390993
04606486022169
04602565010812
04607094501237
04607094501008
04607094501022
04607027766733
09088880781852
18904220700070
04607116940228
04680013242473
04810133006215
04607155210016
04602505007421
04840944000768
04610020540019
04600053020343
04601969007695
04740505000049
04627074930086
04607027763824
04606486025269
04602884007593
04602884008798
05310001203856
05995377852145
04607027766399
04650099783597
04601582001063
04602824022372
04680020180041
04607027768454
04607027769086
04680020180584
04602509014289
04602676004687
04602824019082
04607027767198
04602424003818
05450557011571
04607116940198
04607116940204
04680020180997
04680020180980
04690655015885
05944728002548
04602509019376
04670008163333
04605453003507
04604060994406
04810201005447
04607027767495
08002660020079
04605949001949
04603905005833
05907529415122
04601969007398
04607116940235
08901127003528
04601669001856
04605391001504
08906055585702
04601808008715
04670008162534
04602824021351
04602824021344
04670008162541
04030571000082
04607116940174
04607116944660
04013054007792
04008500031889
18901236010803
04603671003392
04670028228777
04601669010629
05450557011519
04607027765606
04607116940211
04607116944752
04607116944776
04605894001759
05997001365847
04605095010291
04606418000357
04820090059377
04604060003665
04810133007809
04030571000075
04605077012237
04604060992686
04604060017440
04670008162992
04680013243401
04670028224038
04602242010067
04605370000849
04605370005387
04605077004607
00000046099501
04607037191105
08711218340001
06419716947327
04607094501534
08906000571774
04670004410448
04670028224311
04670028224328
04670028224335
04670028224304
04670008161742
04602676000696
04680013242824
04607027763145
04680020183356
04607027761394
04640018642074
04603905000272
05350586000280
04601808006919
04810201019673
04607005934116
04602212010271
04601669007681
04601808008333
04602509000800
04602824022983
04670008161476
04601969008579
04602824015664
04603179000312
04605469000743
04602565022204
04602565011079
03582910071662
08901127005287
18901148001692
04602565019143
04604060005041
04607035440588
04607027768591
04670008500077
04605422022140
04605949001680
04602193012547
04603679000881
04607022750430
05995377010873
03800010643191
04607035440113
04602884012566
04607008131482
04680034160046
04601669010483
04607116945308
08033695730428
05995327275024
04602565015947
04607100621782
04606486022398
04690655009969
04690655021312
04603179004464
04602824001650
04605894003135
04601669003911
04610011971525
03582910072218
04031083002786
04601808005714
04606367000316
04603988000015
04603905000647
04601026301735
04620008623757
04605422017368
04605422021822
05997001390184
04607007361026
04605310018279
04605894000936
04680013241131
04680013242657
04602824017484
04602156000406
04601808001846
04607005933904
04603380001221
09003638150001
04606486023203
04602824025021
04605095000643
04627074931007
04627074930482
08906055584187
04650094090010
04603779015150
04607027767280
04650099780879
04607011634482
04602689000782
04607028390883
04607024944738
04607143560895
04607027762513
04607027762506
04680020180713
04680013246853
04680013246877
04680020183264
04670008163661
04602509018256
04602103003467
04620017862949
04605965000117
04813331001532
04670005390640
04605095008250
04602884004165
04670008162749
04037353018129
04670008163470
04607027763299
04607027766252
04607027765019
04607027765026
04606603000346
04680020233273
04602521005241
04602565014841
04650099781340
04603276010351
18901236012203
04607024944356
03838989502317
04606486029014
04602809006052
04605180006710
04670028224892
03800010613781
04810201017228
04602212009824
04680013248895
04602212010691
04602424004754
08902034102359
04607045192323
03582182990630
00000046100191
04650094090799
04630030160045
04810201000183
04620060370293
04601669004147
04605422013766
04607085480091
04606354000480
04603179003672
04680020183370
04680020183387
04607007361385
04250369505609
04987866400907
08594737184314
04605453001640
04680034160107
04680013242190
04680013242183
04810201018591
04605453003347
04607005933652
04603671001565
04030685452012
04603779017536
04607027768157
04601669003942
04601808005325
04607131044468
04605422029323
03800009121075
04630015110768
04627074930215
04630028540026
08430308131984
04602884014089
04603905003129
04605526005919
04605964003195
05000456034319
04607027764111
04680020180683
04680020181857
04670028221570
04680013245719
04605526006879
04670028220054
04607028391484
04630085993124
04650099784884
04650099783566
04650099781029
04650099781944
04601669006240
08020030051201
03587080001532
04607027767839
04602809007073
04680020180089
18901168605078
04810133006321
04607027767853
03838957017379
03838989625603
04650139480035
04604060002460
04620008620022
04603276006439
04605554000306
08594737212215
04607027762636
04630015110034
04607116945926
04607116945889
04680013243319
04607005933850
04680013243357
04602824001292
04605453001961
04605453001978
04605453001992
04607077040470
04605180006659
04650068810033
04810133002224
04600053003827
08901127022062
04603469000107
04603679001345
04607011635120
18901148006024
15601148083935
04602565015442
04630015110072
08908000095212
08908000095168
04602884017318
04604060997421
03583313279068
03592752805202
04607027765316
04605469004284
04601669008930
04602212008391
04607035440045
04601669007094
04605310022511
04605310022740
04607094500889
04640018642067
04603179004587
04607027769093
04601669005984
04607005934147
04810201002286
04650099782088
04605404000739
04680006521233
04607007360739
04605404000777
04607020332577
04607094501473
04813331001495
04602779004928
04602509015439
04601808008432
04601808001327
04601808001341
05702191012613
04607027762339
04607027765699
04607027762247
04607027766078
04603988017044
04650099780664
04680013242558
04607027762230
04607027763183
03582910039808
04602824001711
08600097001816
04607035392337
08901127015453
04605469000828
04602565023669
04680020181611
04605526006800
04602676006964
04690655012983
04603905007981
04602824000400
08595026441354
04607007361002
04820026340739
04820026340746
04607027765750
04605422025882
04605949001789
04601808012712
04603191000307
04607022000030
04602565013509
04602676009170
04620008623658
04820090059292
04605526008279
04670028221457
04602424007656
04602876004746
04602809006755
04601607000194
04607027763640
04602824023195
04602824023201
04810201004815
04607005933874
04605964004949
04605379002035
04602884017448
04606486023616
04606486023593
04603619000087
04607027768904
04607027768928
04602876000021
04627074930697
04607085481524
04605894009236
04603905003792
04607007361194
04607007361378
04810368008299
04605310021088
04607116944943
04607116940242
04607116947487
08904091109784
04605554000016
03665585002817
03800009121013
04810201003603
04670007590017
04670007590024
04605095010239
04603179003900
04605391003072
04607020331952
04607011634529
04602509015293
04607011634291
08002660019387
04680020186630
04606486025344
08901117191815
04605180006864
04601764003212
04600053003995
04607027766375
04607027766382
04810201014630
04810201014616
04600053006811
04600053008303
08901127001616
04605370000115
04601026022081
05944728001329
08600097306072
08600097303262
08600097412179
04607131045236
04603695005532
04605180005201
04810133004686
09006968007359
03664798000207
04601907000795
03582910005285
04680020230197
04607003667269
04607003667276
04606486012689
04250369506767
04670008160400
04670008162343
04650057490116
04680020180874
04602565017903
04630015110256
04607027760144
05413760230108
04607085480084
08901127004099
03583316669231
04607072020156
04601808010831
04602565016340
04602809006229
04260142420357
08908000095601
03582910033707
04607027767242
04602212008025
04603779011299
04604060011349
04607007361095
04601669000675
08908000095038
04620018741069
04810133009377
04602565011833
04810201010465
04605077013395
00000046102317
04607027760168
04603988012025
04602565018481
04602565008864
04620017860563
04605095010192
04606603000155
04603619000124
06432100002525
04602521006996
04660007705634
04603695005525
04602212003532
04602212000418
05900257091026
04810201002408
04602212009794
04603179004112
04650094091628
04603671003637
04607027762322
04605077009725
05995327113609
04603569721223
04013054004654
04680020182908
04607027764395
04680020184377
04602565028251
04602809007158
04630015110386
04603569720424
04620011582645
04630016120124
03850343018210
04605077012763
04680020181185
04606486025436
04603933006277
04607064404292
04602784003480
04605260004049
04029438005049
03850114213271
04601907002263
04607055133002
04602212012060
04602824000363
04602824000578
04602824015350
04602824002022
04650099783283
04013054017463
04607027768843
04607116948514
04607008133448
04607008133462
04602565007300
04600053020701
04602809006243
08908014717018
04630011650183
03582910004301
04607019011407
18901043002152
04650062750182
05997086103068
04630008130261
04603933004273
04600488000378
04610017500774
04607131045267
04602424005812
04605422021587
09002260020324
04690655020964
04603191000604
03582910004318
04607159862495
04620011583147
04029438005032
04602876000120
04607027764746
03838957885442
04670012462163
04650100860019
04607007360708
04650075360552
04607008360110
04601969008920
04606257000235
04630008132227
04605453009110
04602784004159
04008500031896
04605095001831
09006968011363
04601669010315
04601808005783
04607019011056
55413760265600
04640103850032
05997001306666
04606486026778
04602565020439
04601669006882
04602884006022
04601669007575
04602424004563
04607027764241
04620011583697
04603619000131
03582910067542
03838989543945
04030571000105
04600488003003
08002660027429
04054839361845
04602212000043
04987170870618
04602424007649
04605964004659
04810201001838
04602676003833
04604060998435
04670028220122
04670028224397
04603988009278
04603988009230
04605310010624
04606207000148
04607131045113
08595026403338
08903855002200
08903855002187
04680020181086
04032717995030
04602072021653
04602884010333
04605077015290
04605964002778
04660105220084
04030855511204
04607146761138
04670008162510
04601669005540
04606486027911
04607131044437
04602212000630
04630013790658
04601669014399
07038319118003
04601808014006
04603179004488
04603179004280
04603179002156
04602884008125
05712249110291
04605469002891
07613421035792
05995327114637
04640108950010
04670012610175
04601808013290
04680020181956
04030571006992
04030571000013
04602884014058
04602884013716
04603373002679
07613421035679
04630015110638
04607027764173
04680020187019
04680020183554
04602824025311
04602824025304
07640114721687
18901135000776
04602156000048
04690655025112
04620008621784
04610004580444
04603679000577
07613421035785
04620008621814
04604060995755
07640114720819
07640114720840
04603276010153
04810201015910
04630008131862
04602243001163
04602509026022
04680020230531
06432100054876
04607020333680
04607035391996
04607116944820
04013054013595
04606603000353
04810201002309
04603276009614
04607027768300
04607008130140
04630011650046
04603276010177
04680020232849
04602884005704
04607035440038
04054839415999
04602876004388
08901079000705
04670033320411
04680020181864
04260142420364
04605095011304
04603191001786
08000036012000
04601808012767
04260142420340
04602424009483
09120039161105
04602809006557
05712249110284
05712249110345
04602565016401
04607037191211
04601808003925
04650068810026
04670028223123
04640017591465
04605095011663
04607037191099
04008500015971
04602676008487
04606486017585
04606486023241
04008500015988
04610012021151
04602876007143
04670012462057
04607008133608
04043589001835
04680020186111
04670008162640
04605077005154
04650075360545
08901127011349
04605526006893
04605526006855
04650099780923
08600097300735
08002660031365
18901148283562
04605095005013
04603469000053
04606486002864
04602784003534
04601687000114
05702589307208
08711218850005
04690655021947
04603933007212
04607131043577
04650099781470
05997001391228
05995327182070
04602824000097
04605286001084
04605286000179
04820135582570
04607008133615
04602784003978
04605260004230
04650099780909
04607098451699
08600097300322
04602565017781
05000456022460
04607028398261
04607028397677
04607028394287
04607028394270
04607028395499
08901127011356
04602565031084
04605526008491
05391519923627
04610004580833
04603619000063
04607022750522
04630016120186
04987084311702
04603619000148
04603671003576
04602876004586
04009283000130
04605260002724
04650068810064
04810201005638
04680006521349
04670033320916
04607027768836
18901148308746
04607027760076
04604060002033
03800009130022
04602824016210
04620011582638
18901148321776
18901148324128
04605370012217
04650094090218
04650094090232
04650094091673
04650094091574
04650094091970
04037353122000
04602565006419
06916119020287
04605404002092
05000456033145
04028352000024
04601969009064
04602876005149
04602876004364
04607020333642
04601669008978
04680020181314
04680010562598
04602565031473
04602565006822
04607005935229
04650099782293
04602565029357
04607028393853
04605095009592
04607028396649
04607085481036
04607085482316
04630015110348
04630015110775
04680020180171
04603933007229
03838957398843
04601808013207
04605379002066
04605379002042
04603933002811
04630008131947
03582186003459
04605370018400
04680013248550
04601669010308
03665585002190
04607045190220
04607027768997
04603905003358
04630011650114
05904398475028
04603988010984
07613421037840
07613421037833
07613421052416
03870010003714
04607116949566
04607037191365
08901387007977
04601026160905
04640017590758
04603679000713
04607005933836
04604060002477
04680020181307
04605453014268
04603933007441
04603933005973
04602103000947
04601026301773
04630015110669
04602509006369
04640107660033
04605453007871
04603827001203
05944728002623
04603695004566
04606486041641
04605469002945
05690528421019
03870010002717
04601669013941
04054839472565
04607116949528
04630013790405
04602521002530
04602676009842
04607173030085
04607173030061
04607005934062
04640017590567
04602521002554
04660105220169
04605894001018
04605391001375
04627074930871
07038319123724
03838957011025
04680020186944
04810201016030
04602824023591
04607028391507
05413760229652
04607131045298
04601808010626
04607143560598
04610011972065
04602824024673
18901135001827
04627074930024
04605404003358
08901152331023
04605404002351
04627074930666
04810201015453
04670028229132
18901135010010
04640018640940
04680013246129
04840944000751
04602212005567
04630008132104
04680020181321
04602505009364
04650099781548
04603695001138
04602676000412
05413787104710
04603779009272
04810133000770
04670005391029
04602521014014
04603779009456
04680120231810
04605310017722
14605453001234
04602824017354
04602884003434
04036124019396
04606486038399
04605526008422
04603761002939
04607009582023
04670008160639
04605260004063
18901149006481
04610011971716
04670007590857
04605095011311
04605095001848
04602689001512
04607027765408
04690655015762
04602824023706
04630015110683
04630015110928
04602505009227
04607116949511
04602509024776
04640005760743
04650099784303
04630085992233
04630085993513
04607094508472
08002660028136
04602521013017
04602565016265
04602565031039
04602565012076
04602565016821
04602565013134
04602565018603
04605964006196
04606486021148
04605021001607
04602565029500
04607131044147
04602196002446
04602565018597
04602565022907
04602565017248
04650099780299
04602565029890
04601669015242
04602424004778
04605180006123
04601969007176
04605310014387
03574661218915
04602509000817
04810133008066
04603380000989
04810201015736
04630015110140
18901236016706
04250369506750
04603179003948
04602424009001
04607019010141
03614250000351
07640128547709
04602784000304
08025153222163
04603191001793
04602212001736
04607146761503
05450557011229
04603679001031
04607009582061
04008500023136
04620008621920
04605095011977
04810201017839
04607007361552
04602689001277
04670033320312
04602243002412
04660007810529
08025153000600
04601808013887
04606486022312
04602424007762
04607085480619
04630098003780
04630098003285
04630028540668
04605894009298
04607131044406
04607019011704
04605894010331
04602676009927
04602424004181
05944728000407
04606603000032
04605095011632
04603905014132
04604060005584
05907529417126
04013054001912
04013054010044
04605077016679
04605077016648
04601429001980
04602884014652
04810201005119
09002260019854
04011548030752
04022536973470
04022536733562
04030096118415
04605379002073
03664798002942
03582910060758
04601969008630
04603671001152
08901127014586
04607019011094
04605453009417
04607098452122
04603905014613
04690655022043
04606367000606
07680392539000
04601969000580
04603695000308
03838957096817
04820044110994
04750232005910
05997086103280
05050963015639
04607024944929
04670028228562
04607094508274
04660007234974
04605526008002
03582910014188
03664798045307
03664798039160
04602565013127
04602565019617
04606367002488
04670012610717
18901148011639
03850343028974
03858881052260
04603933007458
04602242010395
04607045192248
09006968000091
08594737233012
04602233006895
18901148012582
03800010646246
04602424005645
04022536645889
04605964006752
04605894009250
04650099781357
04605964007650
04630098003742
04640018640889
04603469001814
03582180000515
04602521014236
04605077016860
08901127005263
04605095005723
04603276003025
04030539090544
04605095010710
04030539068925
04607028395550
04670028225646
04680020232542
04059821171204
04810201015460
04047642019065
03838957872039
04602689001550
04650094092120
04602243002580
04630015110188
04607131044871
04630013791112
04601969009187
04607011635175
04987170870717
04605894010157
04627074930543
04630015110133
04650099784341
04047642014893
04047642014909
04047642014923
05944728005501
04605095005563
04260161040789
04630008132401
04650099810019
04620011582959
04810201015569
04605095005778
06953462900071
04603671002678
08901127004082
08906055582855
04810133008271
08906055583531
08908000095342
04602521010733
04602509004938
08901127000695
04605894003838
04607005933881
04605526008460
04601582000264
04602509026466
04680020232061
04602509025049
04605526007784
08908001634021
04670012610748
08594737248214
08594737199912
08594737200113
04602212010882
04605894007119
05413760229645
04601026301766
04630085990253
04606486023340
04607003669652
04640072670143
04850001740056
04607055137994
04605404000678
04604060011622
04810201000381
04607027763695
04670007590161
04607027769505
04823002207866
04607116945285
04650139480042
18901043010768
04607005935168
04602453002066
09088880553695
04607067060600
04602809007042
08901278000070
18901148302164
04604060001838
04750258314195
04607116945483
04607159860408
04680020181079
04605095008465
04607028391033
04607028395345
04605095004801
04037353004375
04607024944332
04605077004942
04605077004959
04670012610694
04605903011731
04607011636097
04603179000107
04620011583239
04607116941119
04680020187200
04607027767679
04603933005775
04607116944875
04607116944974
04607116944950
04607116940037
04602521005500
04690655016288
04690655012358
04640076420157
04602824000448
04605949000195
04013054008416
03838957492800
05944706001976
04601969007992
04605095000469
08906055586112
04810201014210
04601669002020
04602884001799
05995327165370
04605894009939
04605077015665
04605453008724
04810046003349
08002660034236
08715554000063
03838989734077
04650099781524
04610011971600
04680020230272
04680020233532
04607024942321
04604060005928
04606486036630
04607035440717
04601969007558
03838989501013
04607008360950
04606486013037
04606486014607
18901302166304
05995327111285
04607027764845
04037353005037
05944728003118
04607100622314
04650099783276
04680020183684
04690655026423
03838957070831
04607003248307
04670033321517
08594737209819
04602676008326
04607146761022
04630015110607
04602884000686
04605077012992
04670008162985
04602509002286
04840944000775
04603469000060
04605095009608
04607035440021
04607020332621
04670028229989
04605077014743
04605894001575
04602884014003
04605469002662
04607100622277
04601669014283
04601669014306
04601669014320
05310001155278
04601669008893
04630015110737
04660007813261
05944728004894
04607027769123
04810201016214
03800021100140
04602509017709
04607045192385
04607027762452
04602884013433
04670028226438
05944728001848
04680020182793
04602509022093
04607098451606
04606486041634
04603761002953
04607005933980
04607005930361
04606418000166
04061841074069
04610011972041
07612377004463
04670007591199
07613421062439
04630085993155
04607131045205
04605095011960
04607005934192
04602509026169
04650094092779
04670007591267
03582910091035
03582910091042
03664798002959
03664798033786
04810201005096
04603905003815
04603671003071
04602689000676
04602210000175
04690655019784
03664798044614
04054839029288
04670033321234
04605949001758
04680020183486
03838989530242
04602193012790
04605526005490
04601669012265
04630013790696
04630013790702
04603933003863
14605453002170
04607024946695
05000456060608
04640005760460
04630008131411
04603695001121
04011548030707
18901302178086
04047642014282
04603191000208
04605453010994
18901252955942
04607027763220
03800009121112
04602193011656
08904091116621
04603988012421
04607116945735
04602243002603
04605422030817
04680020183561
04605526007883
04607146760865
04607069190916
04604060009957
04620008624532
04607011636363
04605964007827
04602689001161
04603041000020
04602193012509
04607159861290
04603933006178
04607028398476
04640017591137
04602565029050
04750232004470
04680020233327
08594739224872
04607027764104
04037353004382
04037353004368
04660153650109
04607028398483
04605310022818
04605894002244
04605894002220
04602784000373
05350586000235
04604060017433
03499320002073
05904398455020
04604060017181
05350586000242
05350586000266
04607028390029
04602193012462
04601808003963
04601607000781
03582910071488
04607131043652
04030096113991
04810201017396
04810133010984
04605059021295
04601669014948
04601808012729
04779017992535
04601669011428
04810133008639
04607005931412
04607027765163
04602884010364
04607019011490
03838989728588
03574661047379
04602196002873
08901083060115
04605894004019
04607003249472
04604060007229
04607019011971
04607005930231
04607005930248
04630013790221
04630013790276
04057598013710
04670008161230
04602676006698
04607009581859
04602210003428
04607028397882
04605095005662
04601764003632
04601669002136
04670007591205
04607007360418
04810201013916
04601582001049
04603695005617
05413787003440
04602824017255
04605310020654
04610011970573
04605404002221
04607005934048
04680020232559
04602676008531
04810201017761
07613421058074
04037353010130
04607027766719
08906000570180
04059821313567
04059821201284
04680020233136
05310001065911
04605095011953
04605095011151
04605391003065
04605391003058
08906055587263
08595026405332
08901783013541
04602876001653
04607028394379
04601808013672
08901783013428
04606486040576
08904091106400
04602876003305
04602876002711
03574661065885
04670028224939
04640018642814
04607055136669
04601026309786
04870208030132
04870208030149
04603679000324
04037353012264
04690655016448
04603671003729
07680474439037
04607131045106
04013054010389
03800712740112
07613421038540
04606486020264
04605422032927
04602884013938
04620008620220
04013054003442
04620011583604
04603679003295
03838989735227
04604060002163
08595026450004
04602521010498
04602824020798
04013054019085
04607005933812
04670008164675
04605404002191
04603933005270
04630015110065
04670033322132
04605894010492
04607005933560
08020030053106
05012748884014
04605180005812
04605422013643
04602884016182
04660007703661
04603276009850
04605310013113
18901302166465
18901168958051
04057601000676
04602784004586
04028352000116
04605260004216
08904091112401
05391519923641
04607008360028
18901168958037
04660007813247
04601669008640
04605453006324
04607027765040
04670028220276
04605894000172
04680013249250
04630015110041
03665585003906
04605404001170
04603179000282
18901149019870
04605526006848
04630015111123
04605021003182
04620008624457
04607009582412
04607009582245
04602884015666
04607064402984
04607019011506
04607019011476
04600053008563
04650094093479
04650094093486
04820135585526
04630098005821
04620017180036
03664798034585
03664798043860
04602521015035
04602521014625
04601969003574
04602565020149
04630157810250
04602233007137
04606486029557
04601969005462
05900004074326
04630157810281
04605422030640
04606367002280
05900004074678
04603671001459
04605059020922
05900257035013
04602509030302
04606207000322
03583316669187
04650069830337
04602424004693
04602824000257
08002660032959
04039581002024
04250369502509
04603933007298
04750232008621
04250369507733
04610004580321
08904091113606
08904091112500
08904091112012
07613421051655
04030855492435
03664798000832
04607009582399
04250369507740
04605964003966
04607009580876
04602233007328
04605077017553
04601607000576
04601607000989
04250369509072
04650094093066
04601669009753
05690528422016
04602329001742
04602233006246
04650069870142
04606159000012
03838989582296
04607116948880
04602329001643
08002660032140
18901148145648
04602565020279
04610011972058
03838957029983
04607024944790
04601669011893
04602103004075
05995377480294
05995377480324
03664798032314
04603933007557
04630013791167
04820044111335
05904398457024
04610017501948
04750232004920
04605964004642
04602329001773
04601969000511
04601969008623
04013054002902
04013054001387
03582910082682
04250369508082
04250369506293
04250369506323
04047642014275
04603191001717
18901149005521
07613421038595
09001505000350
07612377004470
04601429005971
04602824023140
04602824023300
04602824000264
05413787104604
04607116946541
04607116948958
04607116949672
04605964004925
04011548031001
04680020180416
04607159863409
14605453001968
04680013240172
04602212005581
04605894007089
04601808012743
04605095011670
04605095011939
04607100622932
04601808006834
05903060619708
04604060002408
04605894007775
04670033320299
05995327111865
04607003249717
04605180007564
03850343035453
04650094093110
04650094092281
05712249108540
07640114721694
04606486034803
03664798052091
04605453006379
04603679001291
04602103004082
04603779011602
04602930003319
04607027766740
04601907001754
04602789001603
05036519002209
05036519000991
04602453000222
07613421062408
04602453002240
04602505009234
04602212005550
04606418000180
04680020232399
04630157810243
04607005931436
04600488003348
08002660035578
04606418000395
04605180006956
04605453000831
04650094093370
04650094093363
04605453000834
04602957000728
04603695004375
04602689000706
04680013244088
04605310021538
04605310021385
04602884010272
04601808010824
04601669011466
04028352000093
04605964008480
04610017501566
05310001176587
04603679003677
04630008132142
04630008132128
04650094093318
04606486029045
04607028394355
03582910075004
05944728004078
04601669003973
03838957499816
05712249110376
04605964007292
04602824019624
04605453009103
04603679008269
04602779005789
04602884017561
04601669000606
07613421058067
04670008163937
03850343034753
04670008165177
04602779005925
04603182002884
04601669008145
04030855444748
08904091141418
04680020182021
04680020186364
04607035393037
04607003668778
04680020233013
03499320002004
03499320004565
04603671003316
04605422013933
04602103001722
04680020183707
04812608007833
04603988013671
04680020231460
04680020232535
04690655020926
04607035392887
04670008163555
04606486023876
04607020332270
04602884010401
04610004580338
04607027766245
04850001740124
04602193012653
04605422028661
05712249112318
04602789002082
04602824020859
04602521014557
04607159862525
03664798047127
04601669013866
04603679007446
04650099782231
04607027765644
08594739247857
04607005932280
04605021002680
03838989505547
05995327170060
03838957072910
05903060607293
04603905015436
04602565010072
03838957499793
03582910049487
04630011650008
04603679006012
03582910082583
04603679002854
04603679000928
04603679000676
05997001362099
04607027764760
04607003249694
04602779005253
04601969005479
04603373001931
03582910071655
04604060201115
04604060011974
04603905013685
04670012610854
03582910082651
04680020231668
04607159861658
18901148313184
05995327120805
03870010006456
04607159860866
18901148324159
18901148215693
18901148253527
04601607000514
03850114234023
03850343042192
04602103003429
04602072021547
04601669006899
03664798032338
03582910091226
03582910061076
03582910061083
04605964002754
04605964003126
01210001155176
04630013790306
04601607000507
04602565017798
05995377611049
04607027766023
04601669011107
05350586000211
04601607000217
05391519921807
04820044110840
03582910082668
04680020233402
04601669008336
04607013581449
04987084310958
04043027240055
04607159862631
04602957001176
04601669003812
04601669003980
04610017500477
04607009582221
04680020187705
04680020183479
04680020181130
04680020187323
04680020186241
04680020187514
04680020180812
01210001155152
01210001155183
04030855509560
04602779005819
07613421062415
07290102066599
04680020181215
04606486015512
04250369506262
04250369506286
05995327166223
03582910005292
04013054005309
03574661154305
04607131042389
03800714477108
04607028398469
04607009582238
04810201004228
05904398425023
03582910094968
04602242010173
05450557011595
04605404003396
08594737237119
04603373002662
04047642014497
05350586000327
04250369508518
04690655021343
03582910019589
03582910090878
04607131041306
04250369506309
04640047780020
03664798011685
04250369504312
04250369504350
08594739254220
04603933005829
18901148006048
04029799131838
04602424007175
05944728000391
04607159864536
05350586000297
04047642014626
04047642014657
05904374001586
04603380006271
04630157810045
04047642014503
04030855509546
04670012610243
04603671003453
04603671003125
03800712041721
04603191001427
04603671003415
04250369508075
04602210000670
04601669005724
04607007361323
05995327165394
04602565017507
04030855000920
03582910026723
04605964003416
04987084308184
04601969006988
04603469001951
04603905016136
04630015111468
04630015111369
04640018642913
04603191000857
04603191001762
08006540205013
04601607000934
04607131042341
03582910072294
05995327167343
06951190500983
04650069870081
04650069870098
04650069870340
04650099780060
04650094090522
07613421062347
04011548031018
04601669015389
04601669015198
07613421062354
03574660619126
04603988013596
04630008131732
04670008163050
05995327117652
05995327117720
04750232006412
04750232006429
04047642018075
04620008623443
04607009580937
04030096117111
04047642019256
04670012610267
04250369505647
03574660436181
05391519923634
08901083160143
04606603000339
04606603000063
04606603000124
05944728004887
04607131045045
04607131044994
04250369509133
04047642014886
04630013790665
05995327155524
04047642014398
04047642014381
08594739224612
04605526006886
04601969005486
04607003669911
05904398401027
08901086130013
04605077009732
04605180007755
05310001269029
04603695000063
04030855187065
04601669011077
04810201011561
04750232014417
04823000804760
03664798036701
03664798036718
04603679007453
04047642018167
03664798033779
04603933007540
03850114234016
04602813000794
04606367003515
04607098450234
03664798048797
04013054025079
04016369669327
04016369669334
04047642014268
07613421053703
03838957094288
04047642014541
04602521013741
04047642014572
04602824023553
04047642014602
04047642014596
01210001155114
04047642014640
04987084311108
04047642014671
04047642014749
04602233007175
04047642014831
04250369508044
04680020230159
05903060607286
06938588802263
04605095011984
04610011971709
04607028394102
04607005934253
04670008160417
04670005390831
04750232009987
03665585003913
04030855001378
03838957499847
04750232000229
04603256011101
04605894009328
07613421035655
04603695004238
03664798045154
04610011972201
04630015111116
04610011971785
04680136219727
04650094093240
04650094093493
04650094093509
04650094093936
04650094093257
04670007590826
04670007590833
04607085482408
05997001365809
05904398248028
08908004028018
04607027761226
04610086230619
04601669007223
05997001365793
05900004074838
04680020187484
04603933005034
04620008621869
04601808009118
04607003663155
04605422033023
04602565016371
04013054008003
03574661507484
09006968003993
04037353991118
04602824019570
04602676001747
04607159864185
03594451900073
04602779005833
04670008164958
04670028227862
04250369509065
04250369504329
05995377480423
03664798040425
06419716950297
04601607000774
04607131045007
04660007702671
03701217200616
04607024946169
04620008621975
04601669006967
04607005934574
04030096119344
04030855462377
03870010012044
04607085480855
04601669005830
04601669006752
04680020233358
05944728001855
04680020233143
04030674003188
04670012610526
03664798044577
03582910062172
04601669011206
04607035392214
14605526005220
08020030053229
03582910091103
05995327166261
04250369507122
04250369503780
04250369509201
04250369503728
04250369506385
04250369508136
04250369508525
04250369505128
04029668001088
04250369507115
04250369506736
04250369506682
04605526007791
03664798046731
04605949002038
04607009581941
04607131042327
08594739224759
08594739224780
04250369509195
04250369509188
04250369508501
04250369507085
04250369505838
04250369508488
04650094093899
04607028394157
05995327130064
04250369508495
05350586000341
04602233007120
07613421035723
04690655020933
04607116940426
01210001155145
04602072001099
04603933004754
04607159860873
04607131043553
18901148005836
03838957070848
04810133005607
04602546010589
04603933007434
04250369506521
04019338608143
04680006521226
04810201017808
04602509022000
04630008132418
08902372001666
04607037190955
04606486016489
04606486011774
04601669011305
04603671003095
04680020232405
03664798048209
05350586001928
04601669009548
04610017502365
04601669003928
04601808004137
04601808008197
04601669008312
04680020232580
04650070610232
04601669013187
05997001360484
04601669007667
04601669013255
03850114202480
04601669011459
05995327130071
04823000804814
03582910072065
04030096123778
04750232004487
04630015111291
05995327121680
07613421046408
04607159863867
08904091127177
07613421035686
04603469002224
04054839472572
04250369506354
04250369508051
04650069870425
04047642018044
08901783008202
04605077015139
18901148302157
18901148302362
04607055137512
05350586000228
03838989736736
04601808005769
08594739224636
04630098003711
05391519923610
03664798038194
04601808013917
04603671003798
04603679001017
04607006670495
04607006673182
04607006670457
04607006671423
04607006670013
03582910094975
04601669011435
04601669014634
03582910082545
03838989738877
07640128547983
04601669012746
04603679007439
04750232001677
04607020332720
04602565031107
04607027765620
04680013245535
04680013242961
04601669000408
04603761000041
04603988012414
04630157810151
04606486042730
04620011583703
04607024944783
04605469002877
04607006670549
04607006677050
03664798048889
03664798044638
05391519920428
04602424004730
18901148302355
04605526006909
04601669010513
04604060017204
05350586000426
08594737237911
04660153651250
04607131043546
04605077014989
04027269303167
04680020183448
04680020183424
18901148271576
04601607000828
06432100003072
04630013791075
04601026307331
07613421051648
04601808005738
04059821309799
05904398427027
04680020232573
04602824000202
04602884001430
04603671001336
04602565029067
04601669011879
04601808013412
04601669002051
04602565019594
05413760232096
04606556003838
04605310016138
04602212000463
04607055131374
04601026310683
04602824019419
04605258001890
04605258000398
04660007814862
07613421063061
04810133009827
04057598014106
04810133010786
04607006820302
07613421046880
04030855038060
04602824014995
04602824020279
04603671003187
04601669013217
04602876002155
04602876002216
04670028220481
04054839523694
07038319155015
04620078630112
01210001155121
04601669006103
04601669006110
04601669010643
04602689001222
08594737236914
04650094092830
08594737253119
04810133005614
08594737253317
04607159864529
04605469004307
04601669007995
04603671003163
04690655021022
04602824000189
04602957001053
05995377657108
04601669009111
04603671002692
04602689000423
04605077015795
04690655018046
04250369504039
08594737247316
08594737246913
08594737247118
04607037191068
04602509025476
04030539049870
03664798047455
04605422021600
04602884016410
04607116942789
04607116941362
04680020180300
04603469001821
04603469002323
04601669002709
04603373003034
04605370002522
04680020186074
03574661132211
04047642014237
03664798051940
05904398452029
05350586000488
04601669015150
04601969008395
04620011583857
03664798050233
03760001040425
04601669010711
04670140400235
04603373004772
04602884000273
05712249110338
04670132810035
04601808000030
04602521012850
04607020337022
04607020332447
04602509025155
04602509001968
04601669008770
03582910090670
05997086103181
04601669003935
04690655022777
04602824023836
08901086100115
04670012610274
04601808001914
03582910056409
03504105034887
04605422026247
14605501000073
04680020183943
18901148105178
03838989665883
04601808013979
04680020187712
03664798047486
04250369504268
04810133012179
04601808008180
05903060615496
04607009582269
05904398445021
04680020184278
04610020540040
04601669008060
04607045191883
04670012462217
04607092930725
04690655017278
04607116945339
04650094093714
04640106030011
04601808014754
04603469001210
04603469002101
05000456070270
04810133010960
04607027768065
04600488003218
04602789001627
04600488003232
04602789001658
04602824021153
03582910082491
04602329001735
18901148058733
04630016120315
08904091127931
04602193013261
04602565007133
04670004410585
04630085992561
04602242001126
04605453006539
04605526006831
04602521006316
04607085319445
04607028397851
04607028394126
04043589001811
03664798044546
03664798044737
05995377660115
04030674003447
04602156000864
03582910082576
04670008161483
04013054003626
09006968005638
04601808014075
04603679006845
04607055136652
04602565016036
04030096255967
04810201018188
04601808014174
04601669006011
09006968002286
09006968007199
04602565009762
04690655021336
01210001155237
08000036000069
04630157810182
04607045191968
04605526006794
04607008133639
03664798014471
04601808014181
05903060013674
03352712001859
04601808013993
04605077017614
04630013790559
04602565017446
04607045190268
04605077005079
04605526001311
04605526005506
04605526005513
04650081980461
04601907000139
14605453004020
04605453008656
07613421062453
04603988002576
04607098451712
04030031898341
05310001271619
03664798044553
04607005931597
04602779007141
04680020184209
04607100622109
03664798009828
04602565009779
04603679006470
03664798050189
04604060007120
04605180006598
05000456070294
04607005934765
04602824000110
04670008165085
04660153651076
04607027768461
04603179000947
04603933005577
04603933007038
04602509020082
04602565028893
04602565031763
03664798050219
03664798049619
04606486037804
03664798036725
04602242005087
04602242000792
05995377789113
03574660589436
04603276010061
04605077013821
04602242003991
04602242010692
04604060007328
04602233006826
04660153650338
04670007590581
04670007590604
03856013204853
08904091143801
04601808008708
04602212008360
04603779017864
04603679002830
04030096119337
04670008165016
04670033323153
05995377692048
05995377974113
04008500017517
04603380006363
04680020186234
04602424007151
05944728004245
04810201015552
04602824017347
04627074930680
04750232012321
04690655018770
04660153650345
04603933007205
04603182002969
04650099783436
04603933006949
08904091100316
04602565004323
04607028390760
04607028390821
04690655019241
04602957000155
04602233007281
04630013790726
04601429002727
04607013581272
03850114239950
04605370021820
08002660025067
05903060617612
04987084311696
03664798048179
04810201017013
04602676014396
04607159861443
04603256009320
04607005935120
04602565014742
04029799125578
03583316669507
04610086238745
04650094091727
04690655008528
04690655021145
05944728000230
03582910082538
04030855444830
04603905016020
05450557010277
04627074930659
04605894010386
04602509018317
04607159863881
04602242005445
04650139480622
04602212012435
05450557012301
08594739247864
04650069830115
04602509027012
04030031898303
04603933007373
04603256011125
04605095010802
04810133005454
04650099785041
04607006672284
04602509029955
04605422030671
04603905017423
05900004074814
05900004074913
03838957075720
05995327165363
04601808014907
03664798047431
04602521011990
04607085480831
04605391003836
04606486042426
04602212000999
04605894010201
04603671001589
08901079004871
04605453003453
04650139480639
04680020183837
04602509028255
04810133011127
04602509024059
04602509004402
04602509020648
04602509035468
04602509035765
04602509035918
04603276011624
05036519004319
05036519001004
04607020338531
04605095012004
04603469001357
04603469002194
04670140210995
04670140210933
04620011584533
04605903011120
04670007590956
04606486042402
04605422030695
04607116948903
04603933008141
04670140210971
04607064402083
04607064402397
04670008163296
04650094093981
04690655028205
04610011971877
04680006521165
04670140210087
04670140210117
04670140210148
04605894004392
04605964006356
04660007814855
04670140210629
04680136218157
04680120239335
04650099785836
04680020184391
04605391003997
04605095012134
04603671003217
04603933009063
05944728004948
04630098005869
04630098005845
04607019011445
04602884018131
04607064401345
04607064401529
04607064401871
04602824026905
04607116944745
04601808013511
04603905016877
04630015111499
04607028399138
04605422012059
04605095012110
04605095011809
04810201000138
04670140210919
04670140210643
04670140210247
04650094094353
04605095006195
04602509029009
04605310012093
04605310012024
04602789001733
04600488003195
04670012462538
08908001634014
04670007590048
08908001634038
04603779010520
04602824000387
04812608012417
04605021003274
04607008131062
04605894008796
04607064402793
04607064404155
04602509036212
04607064402922
04607064404223
04602509036229
04602509036236
03664798048261
04607027767211
04650094093851
04630015110942
04810133005522
05944728000216
04602884018582
04605095012141
04680006529710
04602884017578
04602509029986
04602509029023
04602509029047
04602824024680
04660153651304
04680020185640
04602509029016
04602884015161
04602884015444
04660105221128
04607005935106
04607143560154
04650094090027
04605391004161
04670007590987
04603779018878
04650094093295
04650094093738
04603779018854
04670012462552
04630015112533
04605903009363
04603988020815
04602243003846
04603256010159
04607094500438
04680018320954
04680013242862
04605095012011
04605095012028
08901168583027
18901168583024
04606418000401
04650094094339
04680006523718
08908004028193
08908004028179
04602212000296
04607064402625
08901043006870
04620008622538
04620008622019
04810133010045
04620008621326
04603779019080
04605095012097
04605095012127
04630085995005
04650094093301
04810201008516
04602884012726
04602884008521
04605453010802
04605453010819
04605095005945
04620008624167
04680006528300
04605903010598
04011548039236
04620008621234
04660153654138
04057601000591
04660105221425
04030539030762
04630015111871
04660153655180
04680020182939
04680020180775
04607027762124
04605894010072
04670033323139
04650094093455
04605095011748
04607027766337
04640017590581
04603182003171
04610188920128
04607085481302
07680558079012
04660007706150
04620011584519
04607085480992
04650099780558
04603671003231
04620008623429
04650099780398
04607008132175
04680020180126
04660153650758
05450557011663
04630015112137
04630015111338
04650094090508
04603933007878
04660153651120
04680020183066
04660153652752
04680020180669
04603905006137
04630015112144
04630015111345
04630015110058
04630015111444
04630015111451
07038319157088
04030539064484
04605453013889
04630015111567
04670008166099
04605095012066
04620008621067
04620008624136
04620008623313
04604060020723
07680474439051
04630015111826
04603779008862
04620008621760
04650094090546
04605180007663
04630015112526
04602676015522
04607008361384
04607027766603
04605095011793
04620008620602
05997001306741
04250369508747
04601026309335
05060249174165
04660105220350
04603619000155
04605903010604
04605903010628
04057601000645
04603905015856
04603988022802
04605095012035
04601429006237
04680136206253
04660153650734
05310001271695
04607155430490
04602509024493
14605453002217
24605453000395
04607006820128
04660153651199
04029668001392
04650099782507
04607068361379
04603905015849
04812608010796
04250369506774
04812608010789
04680136219291
04603679003318
04660153652745
04603905014606
04605554000238
04602824001315
04602824025892
04602824018061
04601026310089
04605422032101
04607116940419
04607116943014
04602784002612
04603905016402
04606486041733
04601669016607
04605949001222
04602509020044
04605095012165
04603988018713
04680020182663
04660153652813
04607027764838
04660153652974
04660153654923
04680020185435
04680020185428
04630015111741
04630015111222
04630015112076
04630015112083
04630015111802
04630015110102
04607027763879
04680020180836
04680020180263
04660153651922
04603179003757
04607004431418
04610011971686
04660153651625
04810133008233
04810133012926
04606486045625
04680020234072
04605422026148
03850114240239
04603671003828
04603779015211
04601808014785
04603905004942
04601907003659
04610086233023
04650099780800
04650099780695
04680136219888
04603179006123
04680136203405
04603933009377
04605422021730
04604060021157
04605949001987
04620008621333
03838989744809
04603905018819
04670008164330
04607027764821
04680136206239
04605310024997
04670008162756
04601808013986
04680006525729
04680020185398
04660153652851
04660153651878
04607027765262
04660153654985
04660153654176
04680020183578
04607037191716
04607037190405
03838989737528
04630015111970
04630015112212
04630015112335
04630015112205
04601669015426
04604060001814
04603679006876
04650094093837
04601669016089
04603373000590
04610012020987
04607092931432
04630015112434
04602565030025
04601669007032
04603276006248
04607064401420
07038319157743
04605453001480
04660153654305
04660153654282
04660153651618
04604060071091
04602884012207
04607116942727
04602509020068
04602509024868
04630015111864
04650099784396
04812608010376
04630015112366
04603179005898
04603380005755
04011548035702
04607027760021
04670033320022
04650069870302
04606486001621
04250369506651
04602565034443
04607019012374
08903855002835
04603779009289
04810201020600
04603671003682
04607159864598
04602884009108
04660153653728
04660153650710
04607027763725
04680020180621
04607027763718
04607027764197
04660153654350
04680020183295
04680020180638
04680020183004
04680020183011
04603469002965
04603469002934
04610011972560
04603988026985
04660007815043
04602656002429
04602379002027
04601969006285
04610011972232
00000046023230
08903855024271
04630085995043
04670007590949
04057598014441
04603993000130
04680136206475
04620011584526
04605422013780
04680020180393
04660153654879
04607027769062
04605422033337
04604060006406
04604060001760
04604060004761
04607028398506
04605404001736
04650094093356
04680020183738
04607027764128
04660153654770
04660007813759
04680020185350
08699516574895
04650094094841
04603905002177
04680020235345
04607131044864
04602824026790
04602824022877
04650099781074
04680136204242
04603179006062
04660153654299
04660153653049
04680020180645
04630015111666
08901086200822
04601969007442
08901079005014
04680020183622
18904220700711
04607037191334
04603256010494
04607024946183
04602824020675
04605095012042
04605095012103
04606486003588
04610086232439
04601907002577
05944728002814
04627074930970
04602824026172
04630015111208
04630015111987
04607027768034
04660153653056
04680020235574
04660153653797
04660153653810
04680020186227
04680020187774
04630015111963
04680020187248
04607037191471
04630015112816
04630015112939
04603182005625
04602779004034
07613421035709
04630016120407
04680010563632
04602424008776
04601764003199
03664798047448
04660153654527
04680020187781
04603671003569
06953462900187
04607146760469
04670008160394
04603469002255
04602509008226
04602509035567
04605391000712
04605391003416
04680020235260
04620008623597
07613421046392
04602824018085
04680136222499
04607028399077
04670140400983
04605286001046
04607009582078
04603988029115
04660153654145
04660153654572
04607027765132
04607007360746
04610017701874
04670012610731
04605453014091
04605453013650
04810133007601
04601429000020
04660153653032
04660153651908
04606257000228
04680020236038
04601026310164
04602809007493
04660153651830
04601969001075
04610017702178
04602193010772
04670004410578
04630016120483
14605501000080
04650069870074
04640005761719
04602884015345
04660153650833
04630039901687
04810133007250
04602824011420
04620018741021
05904398249025
04620017866220
04620017866206
04680020180348
04680020181222
04680020185343
04603933009049
04690655029370
04690655026584
04605903009912
04602676015508
04630030160908
07613421134785
04602509022253
04660153654947
04607027761905
04680020180133
04660153653599
04680020187644
04660153653322
04660153652820
04680020181871
04607027761455
04660153653001
04660153655142
04607064402687
04650069830689
04650069830641
04650069830627
04680020187330
04607027769727
04630015111246
04630015112908
04630015111512
04630015111147
04620018743391
04620017863755
04605894003746
05944728002968
04606367003713
04602565036379
04065267002118
04630015111710
04650099810033
04601910000874
04810133002118
04602193014190
04605964007902
04603905013487
04620163300555
04630015112885
04870208030750
05995377104800
04670008164378
04610017701850
04601969010718
04650094095701
04680136223038
04602509038025
05413760229669
04680020183172
04680020182762
04660153655807
04630015112878
04630015111475
04605964005069
04603179003368
04011548031049
04603569000045
04605469002983
04605469002952
08902034102052
04607055131817
04605391004154
04605903009899
04605964011527
04605964004192
04670140211138
04670140401522
04650094095770
04650094095718
03664798051742
04603469002620
04680136223113
04607027765033
04660153652462
04607027767167
03614250000399
04670140211077
04606418000449
04630015112984
04602824019426
04602824020958
04810133009629
04013054004319
04620011584861
04602689001758
04630015112625
04630015111253
04630015111277
04630015111574
04660153654893
04660153650819
04660153655784
04603988029474
03665585003920
04670008164323
04605391001511
04603671003309
04660153650826
04607027768393
04660153654367
04660153654886
04680020187170
04607027766481
04607027765170
04680020184322
04660153651298
04680020183912
04660153654220
04602565033613
04602565034801
08908004028209
04605095012202
04607069220187
04670008166549
04680006529727
04650094094759
04602509038018
04610017502099
04601969010497
04603988025919
04620018742400
04605391004215
08000036023587
08000036022757
04610011971464
08600097300391
03664798049534
03664798050271
04601026310119
08594737253515
05413787220380
04620078630198
04603695006164
04610086238752
04813331001327
04650099780688
04602212012398
04605095012189
04630015112793
04810201016900
04607027762582
04660153654633
04660153654701
04810201015316
04620018742974
04660153654268
04660153651182
04660153650727
04660153654749
04680020182779
04660153654251
05712249112325
05712249110390
04620018740659
04620018743049
04605469002860
03850114243117
04602876003121
07290011225599
04680020235765
04605422026094
04670007590512
04605095011786
04650069870371
04650094094254
04650094094490
04650094095138
04650094094247
04650069870555
03582910054511
04602565035686
04602565019600
05060249179580
04610012021038
04660153654695
04680068452438
04660153655067
04680020187224
04607027761721
04607027768096
04605894000158
04605894001544
04605077012480
05413765812057
04810201014081
07612377004722
04602813000831
04660153655234
04650094095671
04610011972584
03664798048452
04602156000871
04620011583529
04680020184254
04660153654671
04660153650475
04630015110355
04630015111482
04601669016720
05310001271138
03760001050158
04059821226010
03664798048469
07038319159617
04660153655753
04605310025826
04607027768164
04605894010034
04610011971891
08908004028049
05944728007666
04602957001039
04603905017744
04680136223090
04680136223014
04602876007563
04601969010633
04602521001076
04810201000169
04680136209728
04602565033484
04602509026435
04603905017928
04603933009360
04630015112687
04602824027209
04810201018058
04810201018041
04602210003787
04260095684165
04605949002120
04602824018856
05903060621473
04602689001611
04602689000669
04650069830702
04605903010178
04602212010257
04602813000909
04680020182755
04603779018960
04603988044095
04603988044156
04660153656149
04810201017327
04810201009490
05995377984716
04610086231753
04670140211220
04603179005997
04603179005973
04610226800023
04603179006024
04603679000362
18901148273860
04650069651444
04670008161919
05944728000193
04630015112519
04610086231722
04660153654862
04660153655869
04660153656347
04607027762971
04680020181239
04607027763138
04660153656279
04680020180560
04660153651380
04660153655081
04680020182670
04660153654473
04602884015673
04680006521417
04603988027197
03664798035209
04013054004647
04607022750676
04810133011431
04606486000853
04650094093448
04602884001461
04650094096395
04602824024994
04610086230534
04670140400136
04670140211022
04670140211015
04607007360609
04607159864604
05000158100275
04650094094513
03850114243100
04630179310745
04602824026493
04011548031056
04650068810101
04602784003497
04603779011244
04605095012059
04680020180959
04630015111284
04660153653964
04650094092670
04680020183431
04607064403042
04605391004192
04650094096289
04650069830566
04650069830528
04650069830375
04660153650888
04680020187804
04660153651885
04660153650390
08901148240711
04680020234522
04032717998444
08901783008172
08901783008196
03664798049336
04810133009391
04603182005830
08906029500014
08906029500021
04660153656217
03664798049329
04690655018121
04606486045168
04650094095800
04605260003202
04030674013033
04032717012683
04620011584502
03664798045741
04650069870500
04650069870401
05000158105553
05997001371749
03760001050165
04680020188009
04680013242497
04620008624204
05310001271633
08433042001391
04030674013040
04605310028292
04250369502387
04810133011028
04605077014958
04600488003201
04601026310065
04630015113004
04630015112892
04601808014099
04680020186432
04660153656224
04660153650765
04660153654954
04680020186296
04660153656484
04680020181338
04660153653308
04602156001007
04630011650435
04602884017820
04602824018801
07613421107192
04603373000279
05997001383803
04620006501750
05000158071452
05000158071032
04670007591243
04601808013528
04680010563601
05903060622029
04660153654626
04620136910248
03858881053120
04630015113387
03838957088072
04605469002907
05997001383797
05944702205194
04650277060366
05995327166193
04660153656125
04660153656675
04660153656750
04680020180768
04660153656194
04660153656767
05997001371466
04032717999618
04670007590260
04670007591311
04610011972508
04610011972492
04605422032941
04607064405121
04602509037738
04602509037875
04602509046891
04602509033945
04602824025502
04650094094599
04602509046914
04650094094803
04605095012363
04650099782057
04607064401291
04250369509225
04630015111406
04605310021095
04650094095749
04650094094728
04602509045078
04602509045061
04640106030028
04670007591397
04670007590994
04670122420527
04603779019158
04650069870678
04670140212340
04607019011582
04650094094476
04680020183851
04670140211800
04670008166471
04013054007952
04013054007990
04602565035648
04602565036133
04605095012288
04680020231101
04610011971884
04650139480585
04603933007021
04650139480608
04660153654459
05903060624399
04604060005461
04601582001124
04610117421238
04601808015515
04601808015522
03838957990733
04610188920982
04602243006311
04601907000146
04610012021342
04607098453167
04603695005488
07640180265924
04601907004113
04601907000122
04603695004979
04670140210957
04640106060278
04640106060261
04607028399152
04607028397349
04603761001109
04603988012674
04603988043890
04680140040065
04660048070029
04604060005454
04630179301996
04605095009530
04630179300227
04630015113110
04602676016802
04602824020507
04602824006082
04602824027308
04602824023539
08057742821303
04602505009401
04602505009395
04601907004021
04680034161289
04680034161258
04620017865940
04602884016564
04607027767655
04030539035873
04660153656385
04670140210193
04810201014906
04605894001667
04605894000950
04603988022819
04650094093387
04670008162435
04602824026387
04602824003098
04680020187873
04601969010596
04810133007229
04680013245689
04670028225370
05000158068025
04601764007098
04601764007135
03760001042580
04607035392320
04602505008459
03585552591710
04670007591465
04810133000169
04032717998079
04032717992923
04607131044529
04601969009736
04630015112250
08024790126094
04630011650428
04630015113288
04630015113363
04630015113721
04601969010725
04660153654091
04660153654787
04607027765187
04680020187798
04602233005645
04022536963860
04640017590345
05904398372020
04607098452399
04605469004710
04640017591243
04605964011794
04607085319964
03838989501693
03582910074588
04601669017154
04650277060144
04601669016997
04630011650176
05944700100019
07622436107189
04680148830101
03760001050028
04605095012226
04605964012685
04610086231777
04605964011855
04602689001727
04620006501873
04605077014903
04603933009513
04607003669157
04602212000050
04603988036274
04650094096265
04602509036243
04680020188016
04605391004178
04602509038032
04605391004529
04660007814749
04660007816293
04605391004543
04660007814756
04660007816309
04670122420329
04602509046877
04602509046990
04603988034775
04680020233280
04810133008974
04605095012394
04605095012400
04630015113158
04680020188160
04680020188092
04603695005808
04604060004822
04605903013544
04610226800931
04605894001728
04602212001972
04601907004335
04601907004342
04670012464433
04602824027988
04602424007519
04605095012349
04602509049540
05997001326992
04605453020726
08908001634045
04603905016075
04650075360354
04650069830535
04602876007884
04605095012240
04605095012332
04650094093349
04810133001883
04810133012551
04630015112342
04602193016149
04607027763244
04660153656132
04660153656507
04602156000888
04660153654121
04660153653704
04660153651274
04030096292733
04260747722290
04602156000994
05413787220373
05000158106116
08594739256064
04630013792676
04630085993872
04650099783726
04650099786901
04630085990215
05997001372418
04650099788103
04610226800917
04030096123761
04601026309045
04610226800641
04610017702628
08433042020484
04054839992100
04680136223236
04610226800474
04680136223205
04610226800344
04630015111888
04630015110393
04630015112830
04603182005878
04650094096227
04605095012646
04660007815449
04601808014518
04605469004741
04607159864963
04607159863379
04605469004727
04640017590338
04022536645919
08901079002709
08901079013507
04602565035693
04650069870623
04065267002132
04260747720210
04250369508716
04054839993060
04607035391767
04660153655098
04607027768102
04607064400249
08024790125226
08594737256714
04606486041849
04601669015891
04601669015907
04601669015815
04607008133431
08902034104346
05000158105317
04630011650442
04011548045435
08600097300650
04602156001076
04602156001090
04810133011998
04810133006659
04813331001549
04810133012629
04604060006079
04605894007195
04810133005652
04607027764814
04680020188320
04602884014065
04032717999649
04601969010503
04810133006345
05997001371640
05997001371541
05997001372272
04605469004925
04032717999625
04630011650220
04650069870616
05900004073091
04606486041726
04680136223267
04605469004949
04810183013287
04605370012248
04660012010433
04660012010020
18901149007235
04680020180799
04670140212609
04810133009407
04607143561168
04607143561762
04607143561748
04607143561144
04030096124270
05415062107621
04601969010701
04607143561755
04607143561151
04605391001399
04660153652004
04601026309847
04601026301469
05900004074968
04660153655890
04610021170413
04810133011424
04680641050303
04601808014341
08908004028025
08002660037824
04620018741076
04607047721491
04607064403493
04607064402205
04680136223984
04680136226466
04602876000106
04605095012325
04620011584915
04605180006369
04605095012271
04602884016359
04013054004814
04013054004753
04603933009926
04602876007167
04602876007150
04602876007174
04603276012959
04013054004760
04013054004739
04620011584977
04607037191464
04810201021355
04606486029199
04602824025496
04650094096326
04602824025885
04603933009896
04607020333727
04660153651373
04670140212173
04630013792195
04607116949542
04605095012295
04680010563762
04810201012384
04680020188061
04660153655906
04630015113370
04630015113752
04630015113325
04630015113059
